Data Group: 3
Values: (158.79025268554688, 158.6563262939453, 166.51329040527344, 166.51329040527344, -999.0, 182.73255920410156, 191.62008666992188, 191.6200714111328)
Data Group: 3
Values: (158.79025268554688, 158.6563262939453, 166.51329040527344, 166.51329040527344, -999.0, 182.73255920410156, 191.62008666992188, 191.6200714111328)
Data Group: 3
Values: (158.79025268554688, 158.6563262939453, 166.51329040527344, 166.51329040527344, -999.0, 182.73255920410156, 191.62008666992188, 191.6200714111328)
Data Group: 3
Values: (158.79025268554688, 158.6563262939453, 166.51329040527344, 166.51329040527344, -999.0, 182.73255920410156, 191.62008666992188, 191.6200714111328)
Data Group: 3
Values: (158.79025268554688, 158.6563262939453, 166.51329040527344, 166.51329040527344, -999.0, 182.73255920410156, 191.62008666992188, 191.6200714111328)
Data Group: 3
Values: (158.79025268554688, 158.6563262939453, 166.51329040527344, 166.51329040527344, -999.0, 182.73255920410156, 191.62008666992188, 191.6200714111328)
Data Group: 3
Values: (158.79025268554688, 158.6563262939453, 166.51329040527344, 166.51329040527344, -999.0, 182.73255920410156, 191.62008666992188, 191.6200714111328)
Data Group: 3
Values: (158.79025268554688, 158.6563262939453, 166.51329040527344, 166.51329040527344, -999.0, 182.73255920410156, 191.62008666992188, 191.6200714111328)
